0
0
0
483
483
483
483
483
322
322
322
483
483
483
483
483
483
483
483
322
322
322
483
483
483
483
483
322
322
322
655
655
655
483
483
483
483
483
322
322
322
483
483
483
483
483
483
483
483
322
322
322
483
483
483
483
483
483
483
483
322
322
322
483
483
483
483
483
322
322
322
483
483
483
483
483
483
1183
1183
322
322
322
483
483
483
483
483
483
483
483
322
322
322
839
839
839
483
483
483
483
483
322
322
322
483
483
483
483
483
483
483
483
322
322
322
483
483
483
483
483
483
483
483
628
628
628
1251
1251
1251
483
483
322
322
322
1733
1733
1733
9429
9429
752
752
752
483
483
483
483
483
483
483
483
322
322
322
483
483
483
483
483
483
483
483
322
322
322
483
483
483
483
483
322
322
322
483
483
483
483
483
483
483
483
322
322
322
483
483
483
483
483
322
322
322
483
483
483
483
483
483
483
483
322
322
322
483
483
483
483
483
322
322
322
483
483
483
483
483
483
3167
3167
1174
1174
1174
483
483
483
483
483
483
483
483
322
322
322
483
483
483
1215
1215
1215
483
483
322
322
322
483
483
483
483
483
483
483
483
322
322
322
483
483
483
483
483
483
483
483
322
322
322
483
483
483
483
483
483
483
483
322
322
322
483
483
483
483
483
483
483
483
322
322
322
483
483
483
483
483
483
483
483
322
322
322
483
483
483
483
483
483
655
655
322
322
322
483
483
483
483
483
483
789
789
322
322
322
483
483
483
483
483
483
483
483
322
322
322
483
483
483
839
839
839
483
483
322
322
322
483
483
483
483
483
483
483
483
322
322
322
483
483
483
483
483
483
483
483
322
322
322
483
483
483
2695
2695
322
322
322
483
483
483
483
483
483
483
483
483
483
483
322
322
322
483
483
483
483
483
483
483
483
322
322
322
483
483
483
483
483
483
483
483
322
322
322
483
483
483
483
483
483
483
483
322
322
322
483
483
483
483
483
322
322
322
483
483
483
483
483
483
483
483
483
483
483
322
322
322
483
483
483
483
483
483
483
483
738
738
738
483
483
483
483
483
483
483
483
322
322
322
483
483
483
483
483
483
483
483
930
930
930
483
483
483
483
483
483
483
483
322
322
322
1289
1289
1289
1451
1451
322
322
322
483
483
483
483
483
483
483
483
322
322
322
483
483
483
483
483
483
483
483
322
322
322
483
483
483
483
483
483
483
483
322
322
322
483
483
483
483
483
483
483
483
1401
1401
1401
483
483
483
2011
2011
734
734
734
483
483
483
483
483
483
1763
1763
322
322
322
483
483
483
483
483
483
483
483
322
322
322
483
483
483
483
483
483
483
483
494
494
494
483
483
483
483
483
483
483
483
322
322
322
483
483
483
483
483
483
483
483
628
628
628
483
483
483
483
483
483
483
483
322
322
322
483
483
483
483
483
483
483
483
483
483
483
322
322
322
483
483
483
483
483
483
483
483
322
322
322
483
483
483
483
483
322
322
322
483
483
483
483
483
483
867
867
3596
3596
3596
2003
2003
2003
483
483
483
483
483
322
322
322
3989
3989
3062
3062
3062
483
483
483
483
483
483
483
483
322
322
322
483
483
483
483
483
483
483
483
322
322
322
483
483
483
483
483
483
483
483
322
322
322
483
483
483
483
483
483
483
483
322
322
322
483
483
483
483
483
483
483
483
322
322
322
483
483
483
483
483
483
483
483
322
322
322
483
483
483
483
483
483
483
483
322
322
322
483
483
483
483
483
483
483
483
322
322
322
483
483
483
483
483
483
483
483
628
628
628
483
483
483
483
483
483
483
483
322
322
322
483
483
483
483
483
483
483
483
322
322
322
483
483
483
483
483
483
483
483
322
322
322
483
483
483
483
483
483
483
483
322
322
322
483
483
483
483
483
483
483
483
322
322
322
1011
1011
1011
483
483
483
1223
1223
1474
1474
1474
483
483
483
483
483
322
322
322
483
483
483
483
483
483
655
655
322
322
322
483
483
483
483
483
483
483
483
322
322
322
483
483
483
483
483
483
483
483
322
322
322
483
483
483
483
483
483
483
483
322
322
322
483
483
483
483
483
483
483
483
322
322
322
669
669
669
483
483
483
483
483
322
322
322
483
483
483
483
483
483
483
483
322
322
322
483
483
483
483
483
483
483
483
322
322
322
483
483
483
483
483
483
483
483
322
322
322
483
483
483
483
483
483
483
483
322
322
322
483
483
483
483
483
483
483
483
322
322
322
483
483
483
483
483
483
483
483
483
483
483
322
322
322
483
483
483
483
483
483
483
483
322
322
322
483
483
483
483
483
483
483
483
1174
1174
1174
991
991
991
483
483
483
483
483
322
322
322
483
483
483
483
483
483
483
483
535
535
535
483
483
483
483
483
483
483
483
322
322
322
483
483
483
483
483
483
483
483
322
322
322
483
483
483
483
483
483
483
483
322
322
322
483
